function cmap=canlabCmap
%create colormap from yellow to dark blue/purple
cmap=[0.0201307199895382,0,0.986666679382324;0.0402614399790764,0,0.973333358764648;0.0603921599686146,0,0.959999978542328;0.0805228799581528,0,0.946666657924652;0.100653596222401,0,0.933333337306976;0.120784319937229,0,0.920000016689301;0.140915036201477,0,0.906666696071625;0.161045759916306,0,0.893333315849304;0.181176483631134,0,0.879999995231628;0.201307192444801,0,0.866666674613953;0.221437916159630,0,0.853333353996277;0.241568639874458,0,0.840000033378601;0.261699348688126,0,0.826666653156281;0.281830072402954,0,0.813333332538605;0.301960796117783,0,0.800000011920929;0.283088237047195,0,0.750000000000000;0.264215707778931,0,0.699999988079071;0.245343148708344,0,0.650000035762787;0.226470589637756,0,0.600000023841858;0.207598045468330,0,0.550000011920929;0.188725501298904,0,0.500000000000000;0.169852942228317,0,0.450000017881393;0.150980398058891,0,0.400000005960465;0.132107853889465,0,0.349999994039536;0.113235294818878,0,0.300000011920929;0.0943627506494522,0,0.250000000000000;0.0754901990294457,0,0.200000002980232;0.0566176474094391,0,0.150000005960464;0.0377450995147228,0,0.100000001490116;0.0188725497573614,0,0.0500000007450581;0,0,0;0.0500000007450581,0.0188725497573614,0;0.100000001490116,0.0377450995147228,0;0.150000005960464,0.0566176474094391,0;0.200000002980232,0.0754901990294457,0;0.250000000000000,0.0943627506494522,0;0.300000011920929,0.113235294818878,0;0.349999994039536,0.132107853889465,0;0.400000005960465,0.150980398058891,0;0.450000017881393,0.169852942228317,0;0.500000000000000,0.188725501298904,0;0.550000011920929,0.207598045468330,0;0.600000023841858,0.226470589637756,0;0.650000035762787,0.245343148708344,0;0.699999988079071,0.264215707778931,0;0.750000000000000,0.283088237047195,0;0.800000011920929,0.301960796117783,0;0.812500000000000,0.345588237047195,0;0.824999988079071,0.389215707778931,0;0.837500035762787,0.432843148708344,0;0.850000023841858,0.476470589637756,0;0.862500011920929,0.520098030567169,0;0.875000000000000,0.563725471496582,0;0.887499988079071,0.607352972030640,0;0.899999976158142,0.650980412960053,0;0.912500023841858,0.694607853889465,0;0.925000011920929,0.738235294818878,0;0.937500000000000,0.781862735748291,0;0.949999988079071,0.825490176677704,0;0.962499976158142,0.869117677211762,0;0.975000023841858,0.912745118141174,0;0.987500011920929,0.956372559070587,0;1,1,0];